[
    [
        9.541862864313733e-07,
        -2.8671354421871082e-08,
        -1.7479487029371615e-08,
        2.5442144244482286e-08,
        2.3377739668286197e-09,
        -1.0626436157164269e-08,
        -3.248669646958848e-09,
        5.8373053438850374e-08
    ],
    [
        -2.8671354421871082e-08,
        1.6314642930575586e-07,
        2.0720379692421722e-08,
        4.769624911251446e-09,
        -9.576811092515339e-09,
        2.3376763624591916e-08,
        -3.512991855142117e-08,
        1.1885749427226326e-09
    ],
    [
        -1.7479487029371615e-08,
        2.0720379692421722e-08,
        1.4603655506407942e-06,
        4.947045749285814e-08,
        -4.680341645938287e-08,
        7.345323905628212e-08,
        -8.404451196777881e-08,
        -2.780051602228078e-09
    ],
    [
        2.5442144244482286e-08,
        4.769624911251446e-09,
        4.947045749285814e-08,
        1.1264337721749437e-07,
        6.9072465340308385e-09,
        1.2432832067368649e-08,
        1.8841246212390503e-08,
        2.4574799686970847e-08
    ],
    [
        2.3377739668286197e-09,
        -9.576811092515339e-09,
        -4.680341645938287e-08,
        6.9072465340308385e-09,
        1.7835748959065805e-06,
        4.576234690999702e-09,
        -1.719437364570047e-07,
        -1.0309860514165598e-07
    ],
    [
        -1.0626436157164269e-08,
        2.3376763624591916e-08,
        7.345323905628212e-08,
        1.2432832067368649e-08,
        4.576234690999702e-09,
        2.2348052530172985e-07,
        -6.967740458783833e-08,
        -8.380711153404681e-09
    ],
    [
        -3.248669646958848e-09,
        -3.512991855142117e-08,
        -8.404451196777881e-08,
        1.8841246212390503e-08,
        -1.719437364570047e-07,
        -6.967740458783833e-08,
        1.4684349392626425e-06,
        1.359511247655745e-07
    ],
    [
        5.8373053438850374e-08,
        1.1885749427226326e-09,
        -2.780051602228078e-09,
        2.4574799686970847e-08,
        -1.0309860514165598e-07,
        -8.380711153404681e-09,
        1.359511247655745e-07,
        3.063088272653091e-07
    ]
]